eee:165.24173212993287
viktor:17.216910518378793
Person 1:1.0
Person 2:0.52
AMJAD:0.0
