Proffs:354.9346565297329
Spelare 3:316.613501982792
Spelare 2:158.40555306506823
Linden:155.80376826993938
tjenare:153.10137454414064
hej:66.50572281744844
f:52.1929929863056
Viktor:47.84215151896439
LetsGoo:31.962486779915935
viktor:17.216910518378793
