i:93.0
d:35.0
j:35.0
player1:13.589907156472288
player1:12.859711860152176
player12:11.654169512226389
player12:11.654169512226389
player1:9.798121464960252
player1:9.251556481862508
l:9.0
